500
100
3 37
32 36
25 37
25 37
3 10
39 16
3 13
46 18
6 35
28 12
38 36
16 40
12 40
1 17
17 32
26 24
4 11
39 26
43 27
36 14
45 48
29 44
32 34
18 49
23 15
47 24
50 49
17 37
9 27
5 26
28 15
26 15
40 25
23 35
31 7
49 49
9 12
23 37
3 47
8 29
2 9
39 30
50 3
27 47
16 32
18 40
50 10
4 5
15 18
3 26
25 5
34 45
25 13
38 41
28 30
8 38
22 19
10 12
34 38
30 17
24 23
37 34
17 48
48 44
7 15
49 33
23 10
22 27
30 5
17 25
25 39
4 37
3 28
24 30
26 30
15 11
9 32
41 3
22 3
7 3
21 34
24 9
21 39
2 16
3 41
28 42
6 50
13 16
18 13
41 12
24 3
31 43
42 44
2 9
15 2
14 7
43 7
21 47
48 19
27 25
