1000000000
1000
40412057 13509780
21747859 17440240
59135853 49681843
76668185 78452948
35471792 20829611
98756415 14366062
603325 29947906
29772200 35769450
61007549 41466354
51996398 25300757
34524653 14873072
10755156 73362788
39094212 35999217
79269562 48149234
76340303 20001134
22578024 11862760
42215381 85699635
40904672 55889218
9723071 1089783
17386852 78210713
12094455 831147
59136839 88725958
2473282 2594860
91313753 55185667
13685181 96283355
84925800 8932695
96668622 51822248
67490607 18738640
15065340 23746406
4230844 51711629
88890541 29498787
81465152 36912785
31217448 28477741
58091096 85224521
89990938 47333806
38850998 46299384
63488611 35533681
79078830 71515299
18330976 4665714
5567514 31639349
44653660 3426634
12200393 27830370
46595818 69010066
41471208 29941647
9574477 71800597
71383598 71968839
88101167 32798751
36645209 61859760
92469339 72746097
12313664 84056069
32404536 82144136
17904489 25086911
33919580 50953893
84787381 22640682
51398198 69206330
58916819 14170196
51324675 49283363
90500583 57963778
4399543 94109142
3367541 45190557
41958415 53498375
57606442 85453222
6064282 34376139
26051387 74836912
64884712 70912479
15105531 21626013
73333665 5451198
37765823 87607432
92355968 1061491
22748143 38509359
52253380 35663918
52406678 69206068
96394470 2771555
55418706 22367562
6590291 81755083
52055402 24608800
86136155 79726550
24953792 29363141
91875086 93781325
4910000 27242445
24530552 46664515
37556096 34410494
94620366 63064407
28103158 84959902
15821049 82643154
2303649 59308101
64809925 57213744
68860695 80594316
62550951 61907687
51824864 66803279
53191403 25407783
61383848 74882809
81625386 86714542
91730622 24589188
71857109 97688188
90508485 13897683
89617287 42662841
55405010 46891323
96600712 71428930
57036803 61583294
14040104 51643831
12453546 82411087
67463488 8811507
89612335 27849003
16825510 74790752
30023041 39364687
59338023 28892389
21548982 61089803
7896046 29886105
70983031 2561467
75472688 79415669
36684276 89187983
10390688 7828122
45389069 58751984
60401243 56023033
44977750 57146805
89962248 93718952
22817396 28073969
94765115 49043162
8810699 96481353
76525764 36045582
96899579 3081699
65767569 95460673
55314660 78378031
55999530 65936831
75229983 41443390
56828548 90907525
72543573 48718143
15845542 37756214
76089071 11372142
3660374 23155227
6475643 64884368
1724891 6408040
79365409 38777963
5873193 524530
34964561 98704424
6578422 88791697
53690124 59918950
48194908 23326631
28744779 8996500
51226761 9296653
29878161 91927721
93857443 79840917
71262506 32337719
92561973 33849484
64885048 75664512
28126600 45423517
37645711 88236456
48815663 94541134
15462921 6650789
28222667 10862920
22951219 47398316
87794549 23090647
98504370 32250649
67218977 52132184
51608720 83453822
41014845 59077651
64056991 36555269
54473029 95058503
80860919 43018464
73967612 75712904
14126150 97297754
91218309 27955881
6356760 12259466
39289043 60005387
53323308 79519179
97308528 62035645
62125818 73626197
83869028 21365450
12832705 76374427
11790594 64050281
19081780 82529351
91623475 56986508
32203053 7638212
60283120 33834628
34304164 54827839
32237205 27416247
2294952 51082231
371419 14962320
65266336 44076584
44214911 6556893
19624493 4296176
9986115 77826240
86995620 9572894
10099786 86066489
62190294 13380099
56773078 72346249
90971185 63747018
30431926 44497376
38342486 93425154
7732231 16816876
28420169 7191171
93646978 75954555
21008136 90089962
55181638 97020748
96675526 41684236
76677766 84579088
58708885 98220942
74629378 33191400
36781523 71994271
44729429 75459039
1080448 15089328
6173015 38555554
1631981 50237561
85640328 496583
72459488 50930513
99842457 16426805
38066418 51487367
87314552 40202239
67375906 85067375
44314163 77285852
36274540 43984171
24976053 96520257
42643867 68574607
74117198 7176348
8337327 43953276
54713859 10340807
87914758 13744383
56214411 11828776
75135887 43588718
70782914 50259841
37575418 46862983
12433609 25433366
2693500 87487489
46908660 95286836
52994514 2720381
44531809 61291452
46756276 64130168
84059677 36653314
57568852 37038566
25745464 9263888
46155073 78833861
19981663 49008178
33530424 48525578
70582077 39945196
61985923 36536074
38909015 59952516
85275453 51269452
17351700 60694132
11637344 3671454
37857855 97948398
65913401 7742918
48590644 90115211
5590975 47768729
43253174 60311928
71065344 93987491
724368 50847225
31479768 78702825
3664127 22838435
33172834 59806715
46729231 89966579
4872874 42360755
55345410 71080055
23905411 68730245
86216300 17920522
39423712 64335686
65391463 74749121
9105574 22781861
85808776 32899161
88347550 41237354
54423354 58173907
72349994 58606211
54689095 1761045
62072307 97962070
6240194 42715848
63305205 83906530
36137685 14768429
87606994 30670104
74109119 7350618
55357703 72275752
21637389 71205633
80412098 480462
49493680 98348308
46348292 76268652
63246419 15281324
73102119 9837867
2196921 56530817
74804491 89758559
71481303 2815696
98397170 9701360
28700827 26227421
96333945 85391145
20471164 84252528
50153593 98632977
1295568 16611492
66367915 44190308
15080460 19937944
30885561 2781101
36515876 5609844
75377182 70871986
750334 71634918
43453425 17810066
78737084 31640438
24915394 91285967
98314746 8714677
61660917 49525445
15197916 28206524
99699094 64893981
25542345 68218342
22845710 10969725
31035422 77585464
11240663 7665467
66246192 43956917
81581747 92320256
22835616 36374283
48279752 99367400
47461600 65414655
48754226 37119513
83409862 92293263
28588743 66492299
7237745 49299714
99979747 97283544
93958319 44907799
31400765 13022549
53366993 66972409
35468580 77145170
27681225 18586655
41735339 24904231
48812547 55462660
83325080 28093929
35091323 94326358
5401693 80323195
60193991 63168268
3685637 53924138
44200505 13900288
55405125 62440861
71216540 81517773
89681953 48374509
41463616 68359122
88496766 2105002
6499476 26427570
9008579 79696588
64495666 88032416
26919326 20518332
71423124 86750118
70402778 61236135
61899510 44075549
27256281 56351302
70818096 91806892
22217366 81971855
97764339 89425897
95672669 12150903
70325357 15903544
7391572 60531332
23561186 16449926
68935075 23288469
81286244 40086274
24228660 80655889
20498192 75625380
65933276 37560851
7070846 86392195
23259517 98142655
91066825 11885896
67492442 32532011
91741672 23264230
87216055 40053269
27269591 94027443
50216582 56467168
33565036 56735882
39731643 82195155
95010191 83324648
73376154 58784598
89329739 19045480
14335136 19850546
45633909 98539493
27044297 89128900
43415602 75244160
67308405 21234161
12403198 24429200
60324051 94420260
66575442 3777174
20451101 1758376
12200062 92768793
99176167 52833427
89833365 37828781
11068842 27398285
69431209 31499311
93228262 46460271
41776167 12428706
38402150 38101906
13142996 87989828
73272086 93056846
83285000 56604374
75952802 82612172
11646659 39603819
82903619 82619459
75229421 80915788
75879862 88440698
36179450 39166618
57675236 47574680
5584204 11659992
56382228 91206666
17885000 78896863
54381998 27097866
98072413 27770893
58371514 29254605
37042267 88192145
81280375 99292433
40262944 10915155
17007032 44492024
12027093 97809182
71407829 43229810
99114947 29142329
14548016 8553296
938888 10435581
55885942 71632134
655813 87967536
59415353 65631665
19448334 17228794
74490160 25349310
67687872 48944855
21913609 42915002
42585409 94262132
79223775 29548777
58201388 2201142
84040628 85707558
84519662 69899452
82740739 46755641
95557927 20839024
39713596 43938798
69609443 37027190
7482476 66012606
63300951 5344512
77142550 33491450
79468215 65194517
57539769 3238111
73807300 87077043
53764486 21228743
64910614 69036104
38278006 52833118
3463433 95514782
95305444 21140133
45852679 76175322
79221275 91983106
76145704 45772687
28262720 17817023
80525760 32024043
7489906 10747171
25261575 91594254
514070 78255809
1230199 15255888
77700506 22897977
31815942 63026000
90793570 38247560
18052186 52706416
52637405 76925391
19299892 2542148
7527056 89790696
26923040 18154604
80279363 94881729
58308919 82072924
89488771 20924740
82264343 2037211
8097938 90656174
52623687 15025997
73537882 39504802
26978442 1835471
14798336 37990163
56230175 19566667
6216261 61539546
35193102 69047299
61476516 20897970
22287448 979316
14422345 70381780
32664812 2207593
66223521 53416844
55876324 28893167
64926137 84482236
63399915 97937097
94294889 22383264
90719312 44346908
80186276 25419924
33318843 30861113
28776731 17277911
78989153 96769181
41732421 9081452
6901037 14314580
63790236 8972572
87364338 35423410
13642849 42672115
85356098 67203214
95565901 24124239
86716494 4274684
43920364 67635411
3788496 65614486
81585822 93297138
29181693 61045445
95375213 63574489
16470347 96262221
51409787 68299460
54438117 6339535
72072846 83652762
59073046 78590443
40695681 64079422
70255135 62303438
21066323 4419924
22838607 42409351
1057230 8738451
79127443 61836090
53375294 65494504
93197354 67734130
71464592 79635629
15019001 234468
87210962 38873501
91805086 72822168
44188492 50492242
10708851 9922021
33981379 71004970
9353509 96062316
28042746 52410958
9256660 65943058
22680150 41949752
93909939 67231464
99056114 18267964
16821890 14784405
83966369 42790807
56241478 83283051
49070912 49790874
26899105 38548277
67093177 78890968
24941658 27030233
88920600 27958613
54404938 27053460
85256062 24359116
96652563 78100534
56526370 63007717
98624869 76318383
3541411 92603382
44447875 96467545
39551326 23207764
21969497 79357367
67818250 41264896
9513135 9755495
15630988 56214394
8589907 43517163
31618258 50040963
58452517 76615403
13949591 48327216
23969945 54394951
63588728 13784525
75938078 90473202
55288512 27249144
32874977 74509501
94396809 80265379
48389764 62625490
36427518 83797033
44276842 850821
3550747 35566210
19242567 11928172
59640019 77060233
46863241 43477541
17169042 37648754
77820064 42071248
90580036 6416856
285944 82722658
39598608 37149323
97912131 34414412
95269563 99781524
3668471 48158346
1989926 52302296
17984731 2760516
87318528 29683066
30437798 82928435
22678997 83758903
95188691 73998540
61443890 61907844
95007706 21999573
7562892 20104994
67924458 29065479
89099242 2566583
9487491 49101447
88639595 73597700
8645 59212334
38414683 30135245
92593265 94198635
77657632 88550656
28078266 41323170
92354329 64459113
21694545 12251789
94992412 72019512
22265817 9707330
96838834 31652111
49565876 64772973
46312188 70268161
45357421 28716342
24167127 76848312
72813688 37166677
74907174 52284273
82084334 93669498
92248260 62533659
84731324 99665552
80087477 89998258
37726588 78616677
97989413 4146188
56804969 56896520
75424984 50152309
55893088 30931320
89812975 79396502
75262837 7137571
62287490 92071120
45251100 93205971
96121546 285176
48599223 10795486
38438763 12332058
70323581 77495164
70639983 49543633
19679058 83742112
24164224 30844638
46259909 25222346
35295747 54267522
31621198 9687431
90240098 83293845
29821661 96847887
59822091 51096052
77330233 6760513
79039513 15866377
42836913 13254719
46101021 56684801
53910968 95487939
10196495 29660730
63895419 18210033
56815826 73673485
36364509 97408229
28944270 60366085
52705255 4089412
41895147 86513367
12048093 66450550
47098026 75092613
69551387 42794775
74975788 58373918
10961987 91018037
34637996 82966260
4825590 3037685
26967364 71867099
71007423 9475498
85005345 32524215
9422815 82292954
19871236 57925658
33653585 4717662
93163130 37655356
97279792 71541810
9888893 97244551
21492306 46274257
18525416 11148213
96011997 63097521
13052722 4454794
59104492 93338612
62671985 44518695
87416858 62514435
40609423 54679061
22289789 8060618
98732170 54727849
8459500 2740930
44522641 33708680
13979542 79463582
9287680 28381708
44581244 95739398
50939270 37926756
9882216 60571940
33196724 84082389
26042007 92273996
65794984 70920392
86640145 41365140
16125721 87459398
27885807 44776734
54889634 85385050
39504349 31600425
51429958 16657528
44431361 77614721
5213219 11561212
82559656 28814590
94611625 76461084
80963112 49434454
36309503 78088750
86204856 89358769
97122423 64312458
63652463 41005997
43380588 58505075
9502374 14622666
38620666 38495829
45843300 9619755
93125915 62991722
19096021 69740960
77821223 50014602
22422463 41403692
88053931 34307997
11706379 8501122
2198708 20349170
19130753 24881307
21734005 73779503
97937718 29645868
20432310 94158773
44151457 38983029
14581890 4542581
84905651 80574357
74834325 34413690
19012112 88609649
85858333 79452608
55064468 72916961
52575336 68564410
54557378 41003575
95357176 42713331
79981354 76516507
6369569 62353679
52015509 80008312
28931473 34851561
20678723 95554157
61011392 72639293
24269276 8569808
8483950 31386547
88347616 90788401
51335098 12699457
10955163 29653367
84626286 1775307
59277700 94857641
18514967 41299965
12567768 50850955
56145462 65344144
89867944 27261296
54914562 72246058
4910120 83025340
18837205 86872863
33457303 77960970
80627154 36984960
31396451 56793679
1538666 7099417
64032914 43573354
81512643 18875606
48104358 93618569
11351193 49412145
15489381 5567201
60359603 16346781
4274627 99073533
58507313 65858153
82519065 21688843
9734839 7170634
49940979 7092006
33747457 70874120
94138327 57786945
61683168 40848423
72209988 32873792
84703227 47819293
6751561 56807804
64014289 92944139
5191873 52606066
49572594 38781385
85766285 25138907
61824085 40155654
28100613 73640400
87592914 76204434
36577732 99803210
17136990 16408643
50900673 61774866
85534178 88586877
32413910 48613214
47420920 96207063
92807394 73251732
3006798 24594887
74941741 23534314
69842504 87176764
91793879 21279769
41955795 8608981
13618834 31760831
90095062 27759811
5803757 91758112
70411650 24870341
99303311 8370504
42534926 77592257
47887705 50999563
12720165 54926658
79960068 80269144
5676369 19610311
73208623 23329305
98663396 49458332
8059506 96886976
14270099 78772892
9336147 2653731
59373716 28909049
16535862 53209622
60744818 67846796
49360815 34902030
49936984 88380811
85948865 25522689
8887558 64681743
24620386 41480186
55988680 32307606
79839371 86219617
61980569 19005331
63072996 60120394
55074528 93011022
63641085 43466257
18062101 11082386
33322658 22238259
86445575 87708037
10702056 92648256
3577553 54170892
38473704 9632486
64804139 56673709
47433890 66457316
26891693 88846963
74727269 15384967
64816500 66397010
85145078 14487335
69021089 3361551
87798808 87274124
90299551 65656048
63549281 34081767
43592172 84949236
59508623 79017197
39633111 76170596
34702222 53142230
74783403 61956482
46646343 66642888
21774993 31964964
91916340 39628766
64206649 69937942
23803416 29287820
88234556 79481334
521469 14145723
89661878 26187984
83838659 57109690
23383421 43302129
61255034 94749278
31080197 11800685
36375703 806121
38913547 93152024
55026120 57984229
59179735 90218863
9786388 44820987
98458476 69126397
84442719 43425521
11018778 201554
17066978 5423807
54050461 82001495
96690637 22356085
76571120 29532663
98826104 1079976
29019088 78582784
12411411 46741778
58603244 48105134
14456711 39968317
72895842 98371724
92828294 1085470
3045981 62207742
16889802 24287480
5651289 55556788
32018380 62272441
8702666 56537969
63864124 50712217
27148383 92713438
45714261 21140556
59549362 28665976
18702391 79078690
16360011 8312777
27951871 33501842
84169499 53974058
84991524 49560283
3074417 61412624
78875723 55312118
97458535 98028998
34265478 702737
56381429 75161937
32766877 71326780
20843939 48551716
61733582 7059603
81528262 96377373
62243797 88204559
62801424 55017804
49981314 76151882
21164993 59244605
59101833 41008874
82163641 6255612
79638587 50543549
90653432 97674277
6070491 73837252
38141057 4961719
25451690 96058291
94560781 61757497
64210788 71501439
24201225 17641637
83205859 21838133
53410378 76686484
86868882 60515925
6037045 99333359
75895511 69027768
18942899 79448669
69940402 28601182
56966899 87235424
94002850 6294869
6209591 72275747
48993036 98581517
57187499 699713
61945373 80265972
91154820 55253338
64918419 40073069
64825819 29523058
86004306 71654417
13549001 62014813
72466645 24035697
66314413 83566484
1943143 43265134
9707371 42504387
75731620 6772544
82856864 28299694
9410470 44772666
67427816 98063265
50595119 91226610
70471648 21680400
64136088 66343866
30705164 34001712
77765774 34208091
73680664 41454473
31687706 30762501
45284052 74101038
70901658 1390367
87182743 30474732
68962995 15174546
34112293 58625580
62943808 76159897
60471580 97194972
5672276 99899980
61505860 54095277
93752724 60474105
24206799 64394657
42866645 36377507
80952322 46460733
64488227 61947431
79337665 36207842
25100828 50344415
23946620 60294376
60482336 32773516
86994044 2126379
33622772 5577090
54000600 97461735
82493677 69885238
47730360 78952799
74450764 70949889
76091958 29391188
82530138 37183929
65131431 66907561
9966559 15292457
98748213 13811682
85649612 20242471
33237709 14723948
52242452 2654163
38554882 20376072
35955039 92091573
92399920 51678451
40392663 83604918
62055691 53293116
43553393 25247558
80169254 56091176
67161355 87330181
44494852 53460644
78655746 39921130
2799545 80904141
90057373 27339375
36009159 2193213
75405452 49704164
80088353 12224184
56438105 68734497
87151100 6960409
23785078 88601373
68383357 75181910
11339089 84939444
53940238 74302105
63347966 28522634
20598194 3858539
35678350 21128136
16589372 51046149
5650937 45973051
5457236 97477025
77942696 8989200
54166765 73760810
87154177 47718146
4912469 14575938
73071141 24557869
60349902 46225221
34556863 79985587
49834036 91425980
50343434 90525269
59487015 51545969
25240196 40794602
62777516 61214319
72811096 3947985
31870504 98118866
96074985 2589103
26957513 6455894
79573110 61915006
62096232 94550351
78741788 93347809
58080811 1897804
59574642 9228942
77218513 40157433
91658267 87567149
17858041 57858463
24924279 72544828
5997748 52091644
31378818 71603808
93767786 1748674
